250 250 220
51750 48111
87457 89415
46766 79875
16146 66022
23609 54340
70735 78674
66932 19628
52677 97009
64789 29522
74486 23597
40520 12353
36340 63283
59392 43960
31128 89764
43828 97723
62186 97781
87197 95579
91806 65995
32017 50315
21007 24304
2978 55627
91607 91743
88752 86262
15785 44284
67882 53541
82246 6623
86258 8402
68714 34939
24703 45650
59725 99842
97624 68532
80463 21912
87907 1173
67840 88621
12926 19925
91904 88847
96942 32256
34871 83511
44148 85695
55588 67008
89983 28382
53136 54187
5478 76241
21891 38203
38045 30181
15065 81616
3528 52021
69546 95528
84150 7788
44065 37386
26234 13428
45684 35969
35832 23176
25223 80555
47563 96332
24714 97164
67703 37546
30139 77851
16054 73181
19714 52030
49999 70451
38825 34780
30308 53527
77667 8371
45758 30810
44238 21732
74053 88344
27872 6275
3182 26238
22570 69448
82964 50746
4644 47285
41488 50667
40200 34784
3166 73894
60697 59914
94694 53165
23045 99522
7894 41355
88517 712
38797 70004
74700 49108
55383 29202
71792 18924
88372 58565
25663 94363
58000 87688
54707 46660
97796 15840
6086 94907
71174 17314
70480 66783
66306 65868
23575 9877
10589 90552
76908 28445
77553 65738
11293 51608
86884 49288
24205 83085
93800 75257
79297 66221
12881 68152
83992 34005
28912 27029
44343 90078
73214 86
82307 31175
41052 39520
46424 22234
50679 67994
50084 23332
91292 28232
77520 61377
60815 78176
69785 18078
84299 70967
39120 49083
83088 97180
40561 39464
45895 28352
44791 1256
32432 19109
74981 27098
49332 73484
57830 21405
61089 12
44596 7915
69292 52381
46909 38469
56547 46459
17427 16695
82130 40846
54378 72899
12363 65218
9922 11291
12547 74610
93719 54713
81811 44979
34816 85052
6457 47496
63860 92646
16913 83898
36279 24808
63277 86206
49017 83189
16236 36176
77022 66444
55695 98366
79936 47752
59043 68059
59021 89858
60924 87943
49274 52741
54145 59087
6583 84090
93089 76955
60853 86795
11604 10002
12560 13485
13026 91233
27410 61578
44374 29262
43980 20784
84889 70
84481 40268
46478 60284
48227 43502
12595 7402
66490 97502
97944 66741
60048 89425
92573 91033
17388 20901
34386 20529
11762 29948
7878 63764
93026 55524
92661 68605
68675 53358
93626 77550
54186 69508
29362 40105
63859 2414
16268 41958
25051 30349
36127 14212
21598 85099
22352 28700
65581 38986
85286 73091
36855 77343
49220 9517
78122 46234
15944 58233
52135 63149
32657 9571
66028 6321
25087 62019
20329 46239
92941 41355
71920 61732
46831 29068
74120 93518
48856 85536
74979 39701
33396 50494
60011 11834
74420 98968
57201 38133
1282 90365
16288 9336
32010 50291
28663 98668
44907 57097
14805 48992
10725 54200
83268 86725
96595 73908
75796 73740
13441 45451
95945 50775
78962 63190
62158 72309
10442 53382
60099 35712
45048 28077
78368 92739
7759 93410
50508 7031
72376 69019
23219 65313
68390 83101
73361 6488
96580 64985
26788 49158
99933 10022
89564 39085
11394 78895
48630 51722
3786 38189
66266 8729
17821 48835
42245 60986
84370 25580
94599 9105
90770 56746
56199 17819
40659 59160
40497 29560
95070 37239
63613 67285
22723 95004
90251 53177
21252 34117
88658 38881
63963 25038
90225 54924
32263 98136
23716 48823
57928 16633
89731 34668
52487 65051
40563 45930
91842 93146
46737 81061
48346 86913
81917 10351
79880 87421
21539 88520
43754 1132
42523 10197
81474 24069
22205 32748
97923 30089
46722 45921
80589 72204
37255 52805
98735 49428
58926 77818
75231 90577
77490 5664
32367 23578
27351 75759
64280 12247
29732 48890
75440 8034
32103 72255
21355 73266
19707 70660
32933 35631
7835 82781
35586 13523
79303 61442
39260 34321
41250 38230
60246 14492
54422 18741
94500 8965
21212 98125
47016 75132
99518 67296
55903 38808
28426 47973
18633 93611
29242 48133
30914 51567
81442 53429
14871 66500
17173 60745
15327 70483
1327 58423
93516 91925
890 72101
70227 4369
79501 38455
22103 33595
88755 95372
43345 78007
87970 17181
81666 78331
29898 17212
86993 28932
11784 27692
4789 1864
72347 28957
3732 20117
28394 90027
62128 97249
1618 45637
444 32355
65950 81119
92843 22547
16906 71057
88238 36189
14520 21228
54792 86256
15188 60770
88462 41785
43649 26972
55929 93251
29720 32349
38728 76014
73263 58115
20104 856
49564 74881
72352 20548
59447 31866
2924 65196
17737 92706
13934 91162
93771 32257
93027 68727
26864 8959
35932 81489
74740 70514
19215 8213
84227 20813
78928 57943
75151 57490
48723 15384
35932 24715
56582 37428
2624 11731
4437 75858
83372 20361
68970 34724
19803 77143
86103 61997
59838 46667
33533 38387
46600 50930
71743 52748
27043 47180
21022 67023
82407 18547
43262 69746
7174 34691
62775 16196
92054 26150
62863 83564
18288 75427
68922 31833
10182 38091
84759 55025
93412 70020
37302 18292
87393 56365
3545 25398
92421 30788
49335 24567
10665 91181
42224 8950
41498 17839
60341 4999
88564 33553
25332 23204
55037 23204
61296 94254
65632 65219
51591 62407
97051 75396
31761 5246
30644 796
47937 51658
76226 39417
30598 97272
22574 86891
21083 89175
94174 64073
13978 81424
4629 99090
22295 55662
49916 59666
41238 99943
62350 31900
23649 9181
14427 75753
76550 55410
7069 45071
841 40839
38111 99647
2890 31439
20614 77038
41111 23973
5398 31141
30231 55089
10751 26379
2397 68878
68821 77019
25272 43635
69169 47523
23277 48921
20683 83596
45020 16179
57018 44104
43751 45861
93652 11481
88519 62994
86967 30619
61760 45982
17423 8717
35096 8343
77222 44526
37898 37494
97481 62395
9919 63170
28443 66650
50247 49548
65727 49126
93231 11619
57480 39097
66930 53334
16328 51132
81751 71802
17784 19648
28365 59863
68207 51560
96086 63462
17308 61781
24176 33984
97154 14789
81440 34095
83643 25597
91076 48039
59658 65722
21171 84307
53993 33490
84622 88102
76256 86674
6322 82726
42589 94040
45600 34687
14501 27148
88929 58039
92023 31809
62951 13106
63553 5530
47479 44391
8782 47197
29271 38555
39214 68440
18282 66795
54897 93208
96234 2904
1982 31153
41545 2556
37243 60924
88072 3498
61537 68097
99906 77002
6460 69912
75442 62857
23600 70013
33562 22922
61477 32382
17174 79186
45981 692
10252 35456
54713 17230